2014-04-11 [ 0 0 0 0 0 0 0 0 0 0 0 0 0 0 0 0 0 0 0 0 0 0 0 0 0 0 0 0 0 0 0 0 0 0 ]
2014-04-12 [ 0 0 0 0 0 0 0 0 0 0 0 0 0 0 0 0 0 0 0 0 0 0 0 0 0 0 0 0 0 0 0 0 0 0 ]
3 [ 0 0 0 0 0 0 0 0 0 0 0 0 0 0 0 0 0 0 0 0 1 0 0 0 0 0 0 0 0 0 0 0 0 0 ]
4 [ 1 1 1 0 1 1 1 0 1 1 1 0 0 1 1 1 1 1 1 1 1 0 0 1 1 1 0 1 0 0 0 0 0 1 ]
5 [ 1 0 0 0 1 0 0 0 1 1 1 0 1 1 0 0 1 0 0 1 1 0 0 0 0 1 0 0 0 0 0 0 0 1 ]
6 [ 0 0 1 0 0 0 0 0 0 0 0 0 0 1 0 0 0 0 1 1 1 0 0 1 0 1 0 1 0 0 0 0 1 1 ]
7 [ 1 1 0 0 1 0 1 0 0 0 1 0 1 1 0 0 1 0 1 1 1 0 1 0 1 1 0 1 1 0 0 0 1 1 ]
8 [ 0 1 0 1 0 0 0 0 0 0 0 0 0 0 0 0 0 0 0 0 0 0 0 0 0 0 0 0 0 0 0 0 0 0 ]
9 [ 1 1 1 1 0 1 0 0 0 0 0 0 0 0 0 0 0 0 0 0 1 1 0 0 0 0 0 0 0 0 0 0 0 0 ]
10 [ 1 0 1 1 0 1 0 0 0 0 0 0 0 0 0 0 0 0 0 0 0 0 0 0 0 0 0 0 0 0 0 0 0 0 ]
11 [ 0 0 0 0 0 0 0 0 0 0 0 0 0 0 0 0 0 0 0 0 0 0 0 0 0 0 0 0 0 0 0 0 0 0 ]
12 [ 0 0 1 0 0 1 0 0 0 0 0 0 0 0 0 0 0 0 0 0 0 0 0 0 0 0 0 0 0 0 0 0 0 0 ]
13 [ 0 1 1 0 0 1 0 0 0 0 0 0 0 0 0 0 0 0 0 0 0 0 0 0 0 0 0 0 0 0 0 0 0 0 ]
2014-04-24 [ 1 1 1 1 1 1 0 1 0 0 0 0 1 1 1 0 0 1 0 1 1 1 0 0 0 0 1 0 1 0 0 0 0 0 ]
2014-04-25 [ 1 1 1 0 1 1 0 0 0 1 1 1 0 1 0 0 0 1 1 0 0 1 0 0 1 1 1 0 1 0 0 1 0 0 ]
2014-04-26 [ 1 1 1 1 1 1 0 0 0 0 0 1 1 1 1 1 1 1 1 0 1 1 0 0 0 1 1 0 1 0 0 0 0 0 ]
2014-04-27 [ 1 0 0 0 0 0 0 0 0 0 0 1 0 1 1 0 0 0 0 0 0 1 0 0 0 0 1 0 0 1 0 0 0 0 ]
2014-04-28 [ 1 1 1 1 0 1 0 1 0 0 1 0 0 1 1 1 0 1 0 1 1 1 0 0 1 0 1 0 1 0 1 0 0 0 ]
2014-04-29 [ 1 1 1 1 1 1 0 1 0 0 1 1 1 0 1 0 0 1 0 0 1 1 0 0 1 0 1 0 1 0 0 1 0 0 ]
2014-04-30 [ 1 1 1 1 0 1 1 1 0 0 1 1 1 1 1 0 0 1 0 0 1 1 0 0 1 1 1 0 1 0 0 0 0 0 ]
2014-05-01 [ 1 1 1 0 0 1 0 1 0 1 1 0 1 0 1 0 1 1 0 0 1 0 0 0 1 0 1 0 1 1 0 0 0 0 ]
22 [ 0 1 1 0 0 0 0 1 0 1 0 1 0 1 0 0 1 0 1 1 1 0 1 0 0 1 0 1 0 0 0 0 0 1 ]
23 [ 0 0 1 0 1 0 0 0 0 0 0 0 0 0 0 0 0 0 0 0 0 0 1 0 0 0 0 0 0 0 0 0 0 0 ]
24 [ 1 1 1 0 1 1 0 0 1 1 0 0 1 1 0 0 0 0 0 1 1 0 1 0 0 1 0 1 0 0 0 0 0 1 ]
25 [ 0 0 1 0 1 1 1 0 0 0 0 1 1 1 0 0 1 0 0 1 1 0 1 1 0 1 0 0 0 0 0 0 0 1 ]
26 [ 0 0 1 0 1 0 1 1 1 1 0 1 0 1 0 0 1 0 0 0 1 0 1 0 0 1 0 1 0 0 0 0 0 1 ]
27 [ 1 1 1 1 1 0 1 0 1 0 1 1 0 1 1 0 1 0 1 1 1 0 0 0 0 1 0 1 0 0 1 0 1 1 ]
28 [ 1 1 0 0 1 0 0 1 0 0 1 0 0 1 0 0 0 0 0 1 1 0 1 1 0 1 0 1 0 0 0 0 1 1 ]
29 [ 0 1 0 0 0 0 1 0 0 0 0 0 0 0 0 0 0 0 0 0 0 0 1 0 0 0 0 0 0 0 0 0 0 1 ]
30 [ 0 0 0 0 1 0 1 0 0 0 0 0 0 1 0 0 1 1 0 0 1 0 1 0 1 1 0 0 0 0 0 0 0 0 ]
2014-05-11 [ 0 0 0 0 0 0 0 0 0 0 0 0 0 0 0 0 0 0 0 0 0 0 1 0 0 0 0 0 0 0 0 0 0 0 ]
2014-05-12 [ 0 0 0 0 0 0 0 0 0 0 0 0 0 0 0 0 0 1 0 0 0 0 1 0 0 0 0 0 0 0 0 0 0 0 ]
2014-05-13 [ 0 0 1 0 0 0 0 0 0 0 0 1 0 0 0 0 1 1 0 0 0 0 0 0 0 0 0 0 0 0 0 0 0 0 ]
2014-05-14 [ 0 0 0 0 0 0 0 0 0 0 0 0 0 0 1 0 0 1 0 0 0 0 0 0 0 0 0 0 0 0 0 0 0 0 ]
2014-05-15 [ 0 0 0 0 0 0 1 0 0 0 0 0 0 0 0 0 0 0 0 0 0 0 0 0 0 0 0 0 0 0 0 0 0 0 ]
2014-05-16 [ 0 0 0 0 0 1 0 0 0 0 0 1 0 0 1 0 0 0 0 0 0 0 0 0 0 0 0 0 0 0 0 0 0 0 ]
2014-05-17 [ 0 0 1 0 0 1 0 0 0 0 0 1 1 0 1 0 0 0 0 0 0 0 0 0 0 0 0 0 0 0 0 0 0 0 ]
2014-05-18 [ 1 0 1 0 0 1 0 0 0 0 1 0 1 1 0 0 1 1 0 0 0 0 1 0 0 0 0 0 0 0 0 0 0 0 ]
2014-05-19 [ 0 0 1 0 0 1 0 0 0 0 0 1 1 0 0 0 0 0 0 1 0 0 1 0 0 0 0 0 0 0 0 0 0 0 ]
2014-05-20 [ 0 0 1 0 0 1 0 0 0 0 1 1 0 1 0 0 0 1 0 0 0 0 1 0 0 0 0 0 0 0 0 0 0 0 ]
41 [ 1 1 1 0 0 1 0 0 0 0 0 1 1 0 0 0 0 0 0 1 0 0 1 0 0 0 0 0 0 0 0 0 0 0 ]
42 [ 0 1 1 0 0 1 0 0 0 0 1 1 1 1 1 0 0 0 0 1 0 0 1 0 0 0 0 0 0 0 0 0 0 0 ]
43 [ 1 1 1 1 0 1 0 0 0 0 0 1 0 1 1 0 0 0 0 0 1 1 0 0 0 0 0 0 0 0 0 0 0 0 ]
44 [ 1 1 1 1 0 1 0 0 0 0 0 0 0 0 1 0 0 0 0 0 0 0 0 0 0 0 0 0 0 0 0 0 0 0 ]
45 [ 1 1 1 0 0 0 0 0 1 0 0 1 0 0 0 1 0 0 0 0 0 0 0 0 0 0 0 0 0 0 0 0 0 0 ]
46 [ 0 0 0 0 0 0 0 0 0 0 0 1 0 0 0 1 1 0 0 0 0 0 0 0 0 0 0 1 0 0 0 0 0 0 ]
47 [ 0 1 1 1 1 1 1 0 0 0 1 0 0 0 0 1 0 0 0 0 0 0 1 0 0 0 0 1 0 0 0 0 0 0 ]
48 [ 0 0 0 1 0 0 0 0 0 0 1 1 1 1 1 0 0 0 0 1 1 1 1 0 0 0 0 0 0 0 0 0 0 0 ]
49 [ 0 1 0 0 1 1 1 0 0 0 0 0 0 1 1 0 0 0 0 1 1 1 1 0 0 0 0 0 0 0 0 0 0 0 ]
50 [ 1 0 0 1 0 0 0 0 0 0 0 0 0 1 1 0 0 0 0 1 1 1 0 0 0 0 0 0 0 0 0 0 0 0 ]
2014-05-31 [ 0 0 0 0 0 0 0 0 0 0 0 0 0 0 0 0 0 0 0 0 0 0 0 0 0 0 1 0 0 0 0 0 0 0 ]
2014-06-01 [ 0 0 0 0 0 0 0 0 0 0 0 0 0 0 0 0 0 0 0 0 0 0 0 0 0 0 1 0 0 0 0 0 0 0 ]
2014-06-02 [ 0 0 0 0 0 0 0 0 0 0 0 0 0 0 0 0 0 0 0 0 0 0 0 0 0 0 1 0 0 0 0 0 0 0 ]
2014-06-03 [ 0 0 0 0 0 0 0 0 0 0 0 0 0 0 0 0 0 0 0 0 0 0 0 0 0 0 1 0 0 0 0 0 0 0 ]
2014-06-04 [ 0 0 0 0 0 0 0 0 0 0 0 0 0 0 0 0 0 0 0 0 0 0 0 0 0 0 1 0 0 0 0 0 0 0 ]
2014-06-05 [ 1 0 1 1 0 0 0 1 1 0 1 0 0 0 1 0 0 1 1 1 1 1 0 0 0 1 1 0 0 1 0 0 0 0 ]
2014-06-06 [ 1 1 0 1 0 1 0 0 0 1 1 1 1 0 1 0 0 1 1 0 1 1 0 0 1 0 1 0 0 0 0 0 0 0 ]
2014-06-07 [ 1 1 1 1 0 1 0 0 1 0 1 0 0 0 1 0 0 0 1 0 0 1 1 0 1 0 1 0 1 0 0 1 0 0 ]
2014-06-08 [ 1 1 1 1 0 1 1 1 0 0 1 0 0 0 1 0 0 0 1 1 1 1 0 0 1 1 1 0 0 1 0 0 0 0 ]
2014-06-09 [ 1 1 1 1 1 1 1 1 1 0 1 1 1 1 1 1 1 1 1 1 1 1 1 0 0 1 1 1 1 0 0 0 0 0 ]
61 [ 0 0 1 1 0 1 0 0 0 0 0 0 0 0 0 0 0 0 0 0 0 0 0 0 0 1 0 0 0 0 0 0 0 0 ]
62 [ 0 0 0 1 0 1 0 0 0 0 0 1 0 0 0 0 0 0 0 0 0 0 0 0 0 0 0 0 0 0 0 0 0 0 ]
63 [ 0 0 1 1 0 1 0 0 0 0 0 1 1 0 1 0 0 0 0 0 1 0 0 0 0 0 0 0 0 0 0 0 0 0 ]
64 [ 0 0 1 0 1 1 1 0 1 0 0 1 1 1 0 0 0 1 0 1 1 0 0 0 1 1 1 1 1 1 0 0 1 1 ]
65 [ 0 1 0 1 0 1 1 0 1 0 1 1 0 1 0 0 1 0 0 1 0 0 0 0 0 1 0 1 0 0 0 0 0 1 ]
66 [ 0 0 0 0 0 0 0 0 0 0 0 0 0 0 0 0 0 0 0 1 1 0 0 0 0 1 0 1 0 0 0 0 0 1 ]
67 [ 1 0 1 1 1 1 0 1 0 0 0 0 0 0 0 0 0 0 0 0 0 0 0 0 0 0 0 0 0 0 0 0 0 0 ]
68 [ 0 1 1 0 1 0 1 0 1 0 1 1 1 1 1 0 1 0 0 1 1 0 0 0 1 1 0 1 0 0 0 0 0 1 ]
69 [ 0 1 1 1 1 0 1 0 0 0 1 1 1 1 0 0 1 0 0 1 1 0 0 1 0 1 0 1 0 0 0 0 0 1 ]
70 [ 0 1 1 0 1 1 0 0 0 1 1 1 0 1 1 0 1 1 1 1 1 1 0 1 1 1 0 1 1 1 0 0 1 1 ]
71 [ 0 1 0 0 0 0 0 0 0 0 1 0 0 0 0 0 0 0 0 1 1 0 0 0 0 1 0 0 0 0 0 0 0 1 ]
72 [ 1 1 1 1 1 1 1 1 1 1 1 1 1 1 1 1 1 1 1 1 1 1 0 1 1 1 0 1 1 1 0 0 1 1 ]
73 [ 1 1 1 0 1 1 1 1 1 1 1 1 1 1 0 0 1 0 1 1 1 1 0 1 1 1 0 1 0 1 1 0 0 1 ]
74 [ 0 1 0 0 1 0 1 0 1 0 1 1 1 0 0 0 1 0 1 0 1 0 0 1 0 1 0 0 0 0 0 0 1 1 ]
75 [ 0 0 0 0 0 0 0 0 0 0 0 0 0 0 0 0 0 0 0 0 0 0 0 0 0 0 0 0 0 0 0 0 0 1 ]
76 [ 1 1 1 1 1 1 1 0 1 1 1 1 1 1 0 1 1 1 0 1 1 1 0 0 1 1 0 1 0 0 1 0 0 1 ]
77 [ 0 1 1 0 1 1 1 1 0 1 0 1 1 1 0 0 1 1 0 0 1 0 0 0 0 1 0 1 0 0 0 0 0 1 ]
78 [ 1 1 1 1 1 0 1 1 1 1 0 1 1 1 1 0 1 1 1 1 1 0 0 1 1 1 0 1 1 0 0 0 0 1 ]
79 [ 0 0 0 0 0 0 0 0 0 0 0 0 0 1 0 0 0 0 0 0 0 0 0 0 0 1 0 0 0 0 0 0 0 1 ]
80 [ 0 1 1 0 1 0 1 0 1 1 1 1 1 1 1 0 1 1 1 1 1 1 0 0 0 1 0 1 0 0 0 0 0 1 ]
81 [ 1 0 1 1 1 0 1 0 0 0 0 1 0 1 0 0 1 1 1 1 1 1 1 0 0 1 0 0 0 0 0 0 0 1 ]
82 [ 1 0 0 0 0 1 0 0 0 0 0 0 0 1 1 0 0 0 0 0 0 1 0 0 0 0 0 0 0 0 0 0 0 0 ]
83 [ 0 1 0 0 1 0 0 0 0 0 0 0 0 0 0 0 0 0 0 0 0 0 0 0 0 0 0 0 0 0 0 0 0 0 ]
84 [ 0 0 0 0 0 0 0 0 0 0 0 0 1 0 0 0 0 0 0 0 1 0 0 0 0 0 0 0 0 0 0 0 0 1 ]
85 [ 0 0 0 0 0 0 0 0 0 0 0 0 0 1 0 0 0 0 0 0 0 0 0 0 0 0 0 0 0 0 0 0 0 0 ]
86 [ 0 0 0 0 0 0 0 0 0 0 0 0 0 0 0 0 0 0 0 0 0 0 0 0 0 0 0 0 0 0 0 0 0 1 ]
87 [ 0 0 1 0 0 0 0 0 0 0 0 0 0 0 0 0 0 0 0 0 0 0 0 0 0 0 0 0 0 0 0 0 0 0 ]
88 [ 0 0 1 0 0 0 0 0 0 0 0 0 1 1 0 0 0 1 0 1 1 0 0 1 1 1 0 1 1 0 0 0 0 1 ]
89 [ 1 0 1 0 0 1 0 0 0 0 0 0 1 1 0 0 0 0 0 0 0 0 0 0 0 0 0 0 0 0 0 0 0 1 ]
90 [ 1 1 1 1 0 1 0 0 0 0 0 0 0 0 0 0 0 0 0 0 0 0 0 0 0 0 0 0 0 0 0 0 0 0 ]
91 [ 1 0 1 1 1 0 1 1 0 0 1 0 1 1 1 0 1 1 0 1 1 0 0 1 1 1 0 1 0 0 0 0 0 1 ]
92 [ 1 1 1 1 1 1 1 1 1 1 1 1 1 1 1 1 1 1 1 1 1 1 1 1 1 1 1 1 1 1 0 1 1 1 ]
93 [ 1 1 1 1 1 0 1 1 1 1 1 1 1 1 0 1 1 1 1 1 1 0 0 1 1 1 0 1 1 0 1 0 0 1 ]
94 [ 0 0 0 0 0 0 0 0 0 0 1 0 0 0 0 0 0 0 0 1 0 0 0 0 0 0 0 0 0 0 0 0 0 0 ]
95 [ 1 0 1 1 0 1 1 0 1 0 1 1 0 1 0 0 0 0 0 1 1 0 0 0 1 1 0 0 0 0 0 0 0 1 ]
96 [ 0 0 0 0 0 0 1 0 0 0 0 0 0 0 0 0 0 0 0 0 0 0 0 0 0 0 0 0 0 0 0 0 0 1 ]
97 [ 0 0 1 1 1 1 1 0 0 1 1 1 0 1 0 0 0 0 0 1 1 0 0 0 0 1 0 0 0 0 0 0 1 1 ]
98 [ 0 0 0 0 0 1 0 0 1 0 1 0 0 1 1 0 0 0 1 0 1 0 0 0 0 1 0 1 0 0 0 0 0 1 ]
99 [ 1 1 1 1 1 1 1 1 1 1 1 1 1 1 1 0 1 1 1 1 1 1 0 1 1 1 0 1 0 1 1 0 0 1 ]
2014-07-19 [ 1 1 1 1 0 1 1 1 1 1 1 1 1 1 1 0 0 1 1 1 1 1 0 0 0 1 1 0 0 1 0 1 0 0 ]
2014-07-20 [ 0 0 0 0 0 0 0 0 0 1 0 0 0 0 0 0 0 0 0 0 0 0 0 0 0 0 0 0 0 0 0 0 0 0 ]
2014-07-21 [ 0 0 0 0 0 0 0 0 0 0 0 0 0 0 0 0 0 0 0 0 1 0 0 0 0 0 0 0 0 0 0 0 0 0 ]
2014-07-22 [ 0 0 0 0 0 1 0 0 0 0 0 0 0 0 1 0 0 0 0 0 0 0 0 0 0 0 1 0 0 0 0 0 0 0 ]
2014-07-23 [ 0 0 0 0 0 0 0 0 0 0 0 0 0 0 1 0 0 0 1 0 0 0 0 0 0 0 1 0 0 0 0 0 0 0 ]
2014-07-24 [ 0 0 0 0 0 1 0 0 0 1 0 0 0 0 0 0 0 0 0 0 0 0 0 0 0 0 1 0 0 0 0 0 0 0 ]
2014-07-25 [ 0 0 0 1 0 0 0 0 1 1 0 0 0 0 0 0 0 0 0 0 0 0 0 0 0 0 0 0 0 0 0 0 0 0 ]
2014-07-26 [ 1 0 0 1 0 1 0 1 1 1 0 0 0 0 1 0 0 0 0 0 0 0 0 0 0 0 0 0 0 0 0 0 0 0 ]
2014-07-27 [ 1 0 1 1 0 1 0 1 0 0 0 1 0 0 0 0 0 0 0 0 0 0 0 0 0 0 0 0 0 0 0 0 0 0 ]
2014-07-28 [ 1 0 1 1 1 1 1 1 0 0 0 0 0 0 0 0 0 0 0 0 0 0 0 0 0 0 1 0 0 0 0 0 0 0 ]
2014-07-29 [ 1 1 1 0 0 1 0 1 0 0 0 0 0 0 0 0 0 0 0 0 0 0 0 0 0 0 1 0 0 0 0 0 0 0 ]
2014-07-30 [ 1 0 1 0 0 0 0 0 0 0 0 0 0 0 0 0 0 0 0 0 0 0 0 0 0 0 1 0 0 0 0 0 0 0 ]
2014-07-31 [ 1 0 1 0 0 1 0 0 0 0 0 0 0 0 0 0 0 0 0 0 0 0 0 0 0 0 1 0 0 0 0 0 0 0 ]
2014-08-01 [ 1 0 1 1 0 0 0 0 0 0 0 0 0 0 0 0 0 0 0 0 1 0 0 0 0 0 1 0 0 0 0 0 0 0 ]
2014-08-02 [ 1 0 1 0 0 0 0 0 0 0 0 0 0 0 0 0 0 0 0 0 0 0 0 0 0 0 1 0 0 0 0 0 0 0 ]
2014-08-03 [ 0 0 1 0 0 1 0 0 0 0 0 0 0 0 0 0 0 0 0 0 0 0 0 0 0 0 1 0 0 0 0 0 0 0 ]
2014-08-04 [ 0 0 0 0 0 0 0 0 0 0 0 0 0 0 0 0 0 0 0 0 0 0 0 0 0 0 0 0 0 0 0 0 0 0 ]
2014-08-05 [ 0 0 0 0 0 0 0 0 0 0 0 0 0 0 0 0 0 0 0 0 0 0 0 0 0 0 0 0 0 0 0 0 0 0 ]
2014-08-06 [ 0 0 0 0 0 0 0 0 0 0 0 0 0 0 0 0 0 0 0 0 0 0 0 0 0 0 0 0 0 0 0 0 0 0 ]
2014-08-07 [ 0 0 0 0 0 0 0 0 0 0 0 0 0 0 0 0 0 0 0 0 0 0 0 0 0 0 0 0 0 0 0 0 0 0 ]
2014-08-08 [ 0 0 0 0 0 0 0 0 0 0 0 0 0 0 0 0 0 0 0 0 0 0 0 0 0 0 0 0 0 0 0 0 0 0 ]
121 [ 1 0 0 0 0 0 0 0 0 0 0 0 0 0 0 0 0 0 1 0 0 0 0 0 0 0 0 0 0 0 0 0 0 0 ]
122 [ 1 0 0 0 0 0 0 0 0 0 0 0 0 0 0 0 0 0 0 0 0 0 0 0 0 0 0 0 0 0 0 0 0 0 ]
123 [ 1 0 0 0 0 0 0 0 0 0 0 0 0 0 0 0 0 0 0 0 0 0 0 0 0 0 0 0 0 0 0 0 0 0 ]
124 [ 1 0 0 0 0 0 0 0 0 0 0 0 0 0 0 0 0 0 0 0 0 0 0 0 0 0 0 0 0 0 0 0 0 0 ]
125 [ 0 0 0 0 0 1 0 0 0 0 0 0 0 0 0 0 0 0 0 0 0 0 0 0 0 0 0 0 0 0 0 0 0 0 ]
126 [ 1 0 0 0 0 0 0 0 0 0 0 0 0 0 0 0 0 0 0 0 0 0 0 0 0 0 0 0 0 0 0 0 0 0 ]
127 [ 0 0 0 0 0 0 0 0 0 0 0 0 0 0 0 0 0 0 0 0 0 0 0 0 0 0 0 0 0 0 0 0 0 0 ]
128 [ 0 0 0 0 0 0 0 0 0 0 0 0 0 0 0 0 0 0 1 0 0 0 0 0 0 0 0 0 0 0 0 0 0 0 ]
129 [ 0 0 0 0 0 1 0 0 0 0 0 0 0 0 0 0 0 0 0 0 0 0 0 0 0 0 0 0 0 0 0 0 0 0 ]
130 [ 1 1 1 0 0 1 0 0 0 0 0 0 0 0 0 0 0 0 0 0 0 0 0 0 0 0 0 0 0 0 0 0 0 0 ]
2014-08-19 [ 0 0 0 0 0 1 0 0 0 0 0 0 0 0 0 0 0 0 0 0 0 0 0 0 0 0 0 0 0 0 0 0 0 0 ]
2014-08-20 [ 1 1 1 1 1 1 1 1 1 1 1 1 1 1 1 1 1 1 1 1 1 1 1 0 1 1 1 0 1 1 0 0 0 0 ]
2014-08-21 [ 1 1 1 1 0 1 0 0 1 1 1 1 1 0 1 1 1 1 1 0 1 1 0 0 1 1 1 0 1 0 0 1 0 0 ]
2014-08-22 [ 1 1 0 1 0 1 0 1 1 1 0 1 1 1 1 0 0 1 0 0 1 1 0 1 1 1 1 0 1 1 0 0 0 0 ]
2014-08-23 [ 1 1 1 1 1 1 0 1 0 1 1 1 1 0 1 0 0 1 1 1 1 1 0 0 0 1 1 0 1 1 1 1 0 1 ]
2014-08-24 [ 1 1 0 1 1 1 0 0 1 0 1 1 1 1 1 1 0 1 0 0 1 1 0 0 1 1 1 0 1 0 0 0 0 0 ]
2014-08-25 [ 1 1 1 1 0 1 0 0 0 1 1 1 1 1 1 1 0 1 1 1 1 1 0 0 1 1 1 0 0 0 0 0 0 0 ]
2014-08-26 [ 0 0 0 0 0 1 0 0 0 0 0 0 0 0 0 0 0 0 0 0 0 0 0 0 0 0 0 0 0 0 0 0 0 0 ]
2014-08-27 [ 0 0 0 0 0 1 0 0 0 0 0 0 0 0 0 0 0 0 0 0 0 0 0 0 0 0 0 0 0 0 0 0 0 0 ]
2014-08-28 [ 1 1 1 1 1 1 1 1 1 1 0 0 1 1 1 1 0 1 1 1 1 1 0 0 1 0 1 0 1 1 0 0 0 0 ]
141 [ 1 1 1 0 1 0 1 0 1 1 1 1 1 1 1 0 1 1 1 1 1 0 0 1 0 1 0 1 0 0 0 0 0 1 ]
142 [ 1 1 1 1 1 0 1 1 0 1 1 1 1 1 1 0 1 1 1 1 1 1 0 1 1 1 1 1 1 1 0 0 0 1 ]
143 [ 1 1 0 0 1 0 1 0 0 0 1 0 1 1 1 0 1 1 0 0 1 0 0 1 0 1 0 0 1 1 0 0 1 1 ]
144 [ 1 1 1 0 1 1 1 0 1 1 1 1 1 1 0 0 1 1 1 1 1 1 0 0 1 1 0 1 0 1 0 0 0 1 ]
145 [ 1 1 1 1 1 1 1 1 0 1 1 1 1 1 1 0 1 1 0 1 1 0 1 1 0 1 0 1 0 0 0 0 1 1 ]
146 [ 0 1 1 0 1 1 0 0 0 1 1 0 0 1 0 0 0 1 0 0 1 0 0 1 0 1 0 1 0 0 0 0 0 1 ]
147 [ 1 1 1 1 1 1 1 1 1 1 1 0 0 1 0 0 1 0 0 1 1 1 0 1 1 1 0 1 0 0 1 1 0 1 ]
148 [ 1 0 1 1 1 0 0 1 0 1 0 1 0 1 0 0 1 0 1 1 1 0 0 0 1 0 0 0 1 0 0 0 0 1 ]
149 [ 1 0 0 0 1 0 1 1 0 0 0 0 0 1 0 0 0 0 0 0 1 0 0 0 0 1 0 0 0 0 1 0 0 1 ]
150 [ 1 1 1 0 1 1 0 0 0 1 1 0 0 1 0 0 0 1 1 0 1 0 0 1 1 1 0 1 0 0 0 0 0 1 ]
2014-09-08 [ 0 0 0 0 0 1 0 0 0 0 0 1 0 0 0 0 0 0 0 0 0 0 0 0 0 0 0 0 0 0 0 0 0 0 ]
2014-09-09 [ 0 0 0 0 0 1 0 0 0 0 0 0 0 0 0 0 0 0 0 0 0 0 1 0 0 0 0 0 0 0 0 0 0 0 ]
2014-09-10 [ 0 0 0 0 0 1 0 0 0 0 0 0 0 0 0 0 0 0 0 0 0 0 1 0 0 0 0 0 0 0 0 0 0 0 ]
2014-09-11 [ 0 0 0 0 0 0 0 0 0 0 0 0 0 0 0 0 0 0 0 0 0 0 0 0 0 0 0 0 0 0 0 0 0 0 ]
2014-09-12 [ 0 0 0 0 0 0 0 0 0 0 0 0 0 0 0 0 0 0 0 0 0 0 0 0 0 0 0 0 0 0 0 0 0 0 ]
2014-09-13 [ 0 0 0 0 0 0 0 0 0 0 0 0 0 0 0 0 0 0 0 0 0 0 0 0 0 0 0 0 0 0 0 0 0 0 ]
2014-09-14 [ 0 0 0 0 0 0 0 0 0 0 0 0 0 0 0 0 0 0 0 0 0 0 0 0 0 0 0 0 0 0 0 0 0 0 ]
2014-09-15 [ 0 0 0 0 0 0 0 0 0 0 0 0 0 0 0 0 0 0 0 0 0 0 0 0 0 0 0 0 0 0 0 0 0 0 ]
2014-09-16 [ 0 0 0 0 0 0 0 0 0 0 0 0 0 0 0 0 0 0 0 0 0 0 0 0 0 0 0 0 0 0 0 0 0 0 ]
2014-09-17 [ 0 0 0 0 0 0 0 0 0 0 0 0 0 0 0 0 0 0 0 0 0 0 0 0 0 0 0 0 0 0 0 0 0 0 ]
161 [ 0 0 0 0 0 0 0 0 0 0 0 0 0 0 0 0 0 0 0 0 0 0 0 0 0 0 0 0 0 0 0 0 0 0 ]
162 [ 0 0 0 0 0 0 0 0 0 0 0 0 0 0 0 0 0 0 0 0 0 0 0 0 0 0 0 0 0 0 0 0 0 0 ]
163 [ 0 0 0 0 0 0 0 0 0 0 0 0 0 0 0 0 0 0 0 0 0 0 0 0 0 0 0 0 0 0 0 0 0 0 ]
164 [ 1 0 0 0 0 0 0 0 0 0 0 0 0 0 0 0 0 0 0 0 0 0 0 0 0 0 0 0 0 0 0 0 0 0 ]
165 [ 1 1 1 0 0 0 0 0 0 0 0 0 0 0 0 0 0 0 0 0 0 0 0 0 0 0 0 0 0 0 0 0 0 0 ]
166 [ 1 0 1 0 0 0 0 0 0 0 0 0 0 0 0 0 0 0 0 0 0 0 0 0 0 0 0 0 0 0 0 0 0 0 ]
167 [ 1 0 1 0 0 1 0 0 0 0 0 0 0 0 0 0 0 0 0 0 0 0 1 0 0 0 0 0 0 0 0 0 0 0 ]
168 [ 0 0 1 0 0 0 0 0 0 0 0 0 0 0 0 0 0 0 0 0 0 0 1 0 0 0 0 0 0 0 0 0 0 0 ]
169 [ 0 0 0 0 0 0 0 0 0 0 0 0 0 0 0 0 0 0 0 0 0 0 1 0 0 0 0 0 0 0 0 0 0 0 ]
170 [ 1 0 0 0 0 0 0 0 0 0 0 1 0 0 0 0 0 0 0 0 0 0 0 0 0 0 0 0 0 0 0 0 0 0 ]
2014-09-28 [ 1 0 0 1 0 1 0 1 0 1 0 1 0 0 1 0 0 0 1 1 0 1 0 0 0 0 1 0 0 1 1 1 0 0 ]
2014-09-29 [ 1 1 1 1 0 1 0 0 0 1 0 0 0 0 1 1 0 0 1 0 0 1 0 0 1 0 1 0 0 0 0 0 0 0 ]
2014-09-30 [ 1 0 0 0 0 1 1 1 0 0 0 0 0 0 1 0 0 0 1 0 1 1 0 0 0 0 1 0 1 1 0 0 0 0 ]
2014-10-01 [ 1 0 0 1 0 1 0 0 0 0 1 1 1 0 1 0 0 1 0 0 0 1 0 0 0 0 1 0 1 0 0 0 0 0 ]
2014-10-02 [ 1 1 0 1 0 1 0 1 0 1 0 1 0 1 1 0 0 0 0 0 1 1 0 0 0 0 1 0 0 0 0 0 0 0 ]
2014-10-03 [ 1 0 0 1 1 0 0 1 0 0 1 0 0 0 1 0 0 1 0 0 0 1 0 0 1 0 1 0 1 1 0 0 0 0 ]
2014-10-04 [ 1 0 0 0 0 1 0 0 0 0 1 1 0 0 1 0 0 1 1 0 0 1 1 0 0 0 0 0 0 0 0 0 0 1 ]
2014-10-05 [ 1 1 0 1 0 1 0 0 0 0 0 0 0 0 1 0 0 0 0 0 1 1 0 0 1 1 1 0 1 1 0 0 0 1 ]
2014-10-06 [ 1 0 1 0 0 1 0 0 0 1 0 0 0 0 1 0 0 0 0 0 1 1 1 0 0 0 1 0 0 1 0 0 0 0 ]
2014-10-07 [ 1 1 0 1 0 1 0 1 0 1 1 1 0 1 1 0 0 1 0 1 1 1 0 0 1 1 0 0 0 0 0 0 0 1 ]
181 [ 1 0 1 1 1 0 1 0 0 1 1 0 0 1 0 0 0 1 0 1 1 0 0 0 0 1 0 1 0 0 0 0 0 1 ]
182 [ 1 1 1 1 1 0 1 1 0 1 1 1 0 1 0 0 1 0 1 1 1 0 0 0 1 1 0 0 0 0 0 0 0 1 ]
183 [ 1 1 1 1 1 0 1 0 0 1 0 0 0 1 1 0 1 0 1 1 1 0 0 1 0 1 0 1 0 0 0 0 0 1 ]
184 [ 1 1 0 1 1 0 0 0 0 1 0 0 1 1 0 0 0 0 0 1 1 1 0 0 1 1 0 1 0 0 0 0 0 1 ]
185 [ 1 1 0 0 1 0 1 0 0 1 0 0 1 1 0 0 0 0 0 1 1 0 0 0 0 1 0 0 0 0 0 0 0 1 ]
186 [ 1 0 0 0 1 0 1 0 0 0 0 1 0 1 0 0 0 1 1 1 1 0 0 0 0 1 0 1 0 0 1 0 0 1 ]
187 [ 1 0 1 1 0 0 1 0 0 0 0 1 0 1 0 0 0 1 1 1 1 0 0 0 0 1 0 1 0 0 0 0 0 1 ]
188 [ 0 1 1 0 1 0 1 0 0 0 1 0 1 0 0 0 1 1 0 1 1 0 0 0 0 1 0 1 0 1 0 0 1 1 ]
189 [ 1 1 1 1 1 1 1 1 0 1 1 1 1 1 1 0 1 0 0 1 1 0 0 0 0 1 1 1 1 1 0 0 1 1 ]
190 [ 1 0 1 0 1 0 1 0 1 1 1 1 0 1 0 1 0 0 1 1 1 0 0 1 0 1 0 1 1 1 1 0 1 1 ]
191 [ 1 1 1 1 1 0 1 1 1 1 1 1 1 1 1 0 1 1 1 1 1 1 0 1 1 1 0 1 1 1 1 0 1 1 ]
192 [ 1 1 1 1 1 1 1 1 1 1 1 1 1 1 1 1 1 1 1 1 1 1 1 1 1 1 0 1 1 1 1 1 1 1 ]
193 [ 1 1 1 1 1 0 1 1 1 1 1 0 1 0 0 0 1 1 1 0 1 1 0 0 1 1 0 0 0 1 0 0 1 1 ]
194 [ 0 0 0 0 1 0 0 0 0 0 0 0 0 0 0 0 0 0 0 0 0 0 0 0 0 0 0 0 0 0 0 0 0 0 ]
195 [ 0 0 0 0 0 0 0 0 0 0 1 0 0 0 0 0 0 0 0 0 1 1 0 0 0 1 0 0 0 0 0 0 0 1 ]
196 [ 1 1 1 1 1 0 1 1 1 1 1 1 1 1 1 1 1 1 1 1 1 1 0 1 1 1 0 1 1 0 0 0 1 1 ]
197 [ 1 1 1 1 1 1 1 1 1 1 1 1 1 1 1 1 1 1 1 1 1 1 0 1 1 1 1 1 1 1 1 0 1 1 ]
198 [ 0 0 0 0 0 0 0 0 0 0 0 0 0 0 0 0 0 0 0 0 0 0 0 0 0 0 0 0 0 0 0 0 0 1 ]
199 [ 1 1 1 1 1 1 1 1 1 1 1 1 1 1 1 0 1 1 1 1 1 1 0 1 1 1 1 1 1 1 1 0 1 1 ]
200 [ 0 0 0 0 0 0 0 0 0 0 0 0 0 0 0 0 0 0 0 0 0 0 0 0 0 1 0 0 0 0 0 0 0 0 ]
201 [ 0 1 1 1 0 0 0 0 0 0 0 1 0 0 0 0 0 1 1 1 0 0 0 0 0 0 0 0 0 0 0 0 0 0 ]
202 [ 0 0 0 0 0 0 0 0 1 0 0 1 1 0 0 0 0 0 1 0 0 0 0 0 0 1 0 0 0 0 0 0 0 0 ]
203 [ 0 0 0 0 0 0 1 1 1 1 0 0 1 0 0 0 0 0 0 0 0 0 0 0 0 0 0 0 0 0 0 0 0 0 ]
204 [ 1 1 1 0 0 0 0 0 1 1 0 0 0 0 0 0 0 0 0 0 0 0 1 0 0 0 0 0 0 0 0 0 0 0 ]
205 [ 1 1 1 1 0 0 0 1 1 1 1 0 0 0 0 0 0 0 0 0 0 0 1 0 0 0 0 0 0 0 0 0 0 0 ]
206 [ 1 1 1 1 1 0 0 1 1 1 0 0 0 0 0 0 0 0 0 0 0 0 1 0 0 0 0 0 0 0 0 0 0 0 ]
207 [ 0 1 1 0 0 1 0 1 1 1 0 0 0 1 0 0 0 0 0 0 0 0 0 0 0 0 0 0 0 0 0 0 0 0 ]
208 [ 0 0 0 0 0 0 0 0 0 0 0 0 0 0 0 0 0 0 0 0 0 0 0 0 0 0 0 0 0 0 0 0 0 0 ]
209 [ 0 0 0 0 0 0 0 0 0 0 0 0 0 0 0 0 0 0 0 0 0 0 0 0 0 0 0 0 0 0 0 0 0 0 ]
210 [ 1 0 1 0 0 0 0 0 0 1 0 0 0 0 0 0 0 0 0 0 0 0 0 0 0 0 0 0 0 0 0 0 0 0 ]
211 [ 1 1 1 0 1 0 0 1 0 1 1 0 1 1 0 0 1 1 0 1 1 0 0 1 0 1 0 1 0 0 0 0 0 1 ]
212 [ 0 0 1 0 0 0 0 0 0 0 0 0 0 0 0 0 0 0 0 0 0 0 0 0 0 0 0 0 0 0 0 0 0 0 ]
213 [ 0 0 0 0 0 0 0 0 0 0 1 0 0 0 0 0 0 0 1 0 0 0 0 0 0 1 0 0 0 0 0 0 0 1 ]
214 [ 1 1 1 1 1 0 1 0 1 1 1 1 1 1 0 1 1 1 1 1 1 1 0 1 1 1 0 1 1 0 1 0 0 1 ]
215 [ 0 0 0 0 0 0 0 0 0 0 0 0 0 0 0 0 0 0 0 0 0 0 0 0 0 0 0 0 0 0 0 0 0 1 ]
216 [ 0 1 1 0 0 0 0 0 0 0 1 0 1 1 0 0 0 0 0 1 1 0 0 0 0 1 0 1 0 0 0 0 0 1 ]
217 [ 1 1 1 1 1 0 0 0 1 1 1 1 1 1 1 1 1 1 0 1 1 0 0 0 1 1 0 1 0 0 0 0 0 1 ]
218 [ 0 0 0 0 0 0 0 0 0 0 0 0 0 0 1 0 0 0 0 0 0 0 0 0 0 0 0 1 0 0 0 0 0 1 ]
219 [ 0 0 0 0 1 0 0 0 0 0 0 0 0 0 0 0 0 0 0 0 1 0 0 0 0 0 0 0 0 0 0 0 0 1 ]
220 [ 0 0 0 0 0 0 0 0 0 0 0 0 1 0 0 0 0 0 0 0 0 0 0 0 0 0 0 0 0 0 0 0 0 1 ]
221 [ 0 0 0 0 0 0 1 0 0 0 1 1 0 1 0 1 1 0 0 1 1 0 0 0 1 1 0 1 0 0 0 0 0 1 ]
222 [ 1 0 1 1 1 1 1 1 1 1 1 1 0 1 0 0 1 1 0 1 1 1 1 0 0 1 0 1 0 0 0 0 1 1 ]
223 [ 0 1 1 1 1 1 1 0 0 1 0 1 0 1 1 0 1 0 0 1 1 0 0 1 1 1 0 1 0 0 0 0 0 1 ]
224 [ 0 1 1 0 1 0 1 0 1 1 0 0 0 1 0 0 1 1 0 1 1 0 0 1 1 1 0 0 0 0 0 0 0 1 ]
225 [ 1 1 1 0 1 0 1 0 0 1 0 0 1 1 0 0 1 0 1 1 1 0 0 1 1 1 0 1 0 0 0 0 0 1 ]
226 [ 0 1 0 1 1 0 1 0 0 1 1 0 0 1 0 0 1 0 0 1 1 0 0 1 0 1 0 0 0 0 0 0 0 1 ]
227 [ 0 0 1 1 1 0 1 0 0 1 1 1 1 1 0 0 1 1 1 1 1 0 0 0 1 1 0 1 0 0 0 0 0 1 ]
228 [ 0 1 1 1 1 1 1 0 1 0 1 0 1 1 0 1 1 0 0 1 1 1 0 0 0 1 1 1 1 0 0 0 0 1 ]
229 [ 1 1 1 1 1 1 1 0 1 1 1 1 1 1 1 0 1 1 0 1 1 0 0 1 1 1 1 1 1 0 0 0 1 1 ]
230 [ 0 1 1 0 1 0 1 0 1 0 0 1 1 1 0 0 1 1 1 1 1 0 0 1 0 1 0 1 0 0 0 0 1 1 ]
231 [ 1 1 1 0 1 0 1 0 1 1 1 1 0 1 1 0 1 1 1 1 1 1 0 1 0 1 0 1 0 1 1 0 0 1 ]
232 [ 1 0 1 1 1 1 0 1 1 0 1 0 0 1 0 0 1 1 1 0 1 0 0 0 0 1 0 1 1 0 0 0 0 1 ]
233 [ 1 1 1 1 1 0 1 1 1 1 1 1 1 1 1 0 1 1 1 1 1 1 0 1 1 1 0 1 1 1 1 0 0 1 ]
234 [ 0 0 1 0 1 0 0 0 0 1 1 1 1 1 0 0 1 0 0 0 1 0 0 0 0 1 0 0 0 0 0 0 0 1 ]
235 [ 0 0 1 0 1 0 1 0 1 0 1 0 1 1 1 0 0 0 0 0 1 1 0 0 0 1 0 0 0 1 0 0 0 1 ]
236 [ 0 1 0 0 0 0 0 0 0 0 0 0 0 1 0 0 0 0 1 0 1 0 0 0 0 1 0 0 0 0 1 0 0 1 ]
237 [ 1 1 1 1 1 0 1 0 1 1 1 0 0 1 0 0 1 1 1 1 1 0 0 1 0 1 0 1 0 0 0 0 0 1 ]
238 [ 1 1 1 0 1 0 1 0 0 0 1 1 0 0 0 0 0 0 1 0 1 0 0 0 0 1 1 1 0 0 0 0 0 1 ]
239 [ 0 0 0 1 0 0 0 0 0 0 0 0 0 0 0 0 0 0 0 0 0 0 0 0 0 0 0 0 0 0 0 0 0 1 ]
240 [ 0 0 0 0 0 0 0 0 0 0 0 1 1 0 0 0 0 0 0 0 1 0 0 0 0 0 0 0 0 0 0 0 0 0 ]
241 [ 1 1 1 1 1 1 1 1 1 1 1 1 1 1 1 0 1 1 1 1 1 1 0 1 0 1 0 1 1 0 1 1 0 1 ]
242 [ 0 0 0 0 0 0 0 0 0 0 0 0 0 0 0 0 0 0 0 0 1 0 0 0 0 1 0 0 0 0 0 0 0 1 ]
243 [ 1 1 1 1 1 1 1 0 1 1 1 1 1 1 0 0 1 1 1 1 1 1 0 1 1 1 0 1 0 0 1 1 0 1 ]
244 [ 1 1 1 1 1 1 1 1 1 1 1 1 1 1 1 0 1 1 1 1 1 1 0 1 1 1 1 1 1 1 0 0 0 1 ]
245 [ 0 1 1 1 1 1 1 0 1 1 1 1 1 1 1 0 1 1 1 1 1 1 0 1 0 1 0 1 1 0 0 0 0 1 ]
246 [ 0 1 1 1 1 0 1 0 1 0 0 0 0 0 1 0 0 0 0 0 1 0 0 1 0 1 0 0 0 0 1 0 0 1 ]
247 [ 0 0 0 0 1 0 0 0 0 0 0 0 0 0 0 0 0 0 0 0 0 0 0 0 0 0 0 1 0 0 0 0 0 0 ]
248 [ 0 0 0 1 0 0 0 0 0 0 0 0 0 0 0 0 0 0 0 0 0 0 0 0 0 0 0 0 0 0 0 0 0 0 ]
249 [ 0 0 0 0 0 0 0 0 0 0 0 0 0 0 0 0 0 0 0 0 0 0 0 0 0 1 0 0 0 0 0 0 0 0 ]
250 [ 1 1 1 1 1 1 1 1 1 1 1 1 1 1 1 0 1 1 1 1 1 0 0 0 1 1 0 1 1 1 1 0 0 1 ]
251 [ 1 1 1 1 1 1 1 1 1 1 1 1 1 1 1 0 1 1 1 1 1 1 0 1 1 1 0 1 1 0 0 0 0 1 ]
252 [ 0 0 0 1 1 0 1 0 0 0 0 0 0 0 0 0 0 0 0 1 1 0 0 1 0 0 0 1 0 0 0 0 0 1 ]
253 [ 1 0 0 0 0 0 0 0 0 0 1 1 0 0 0 0 0 0 0 1 1 0 0 0 1 1 0 1 0 0 0 0 0 1 ]
254 [ 0 0 0 0 0 0 0 0 0 0 0 0 0 0 0 0 0 0 0 0 0 0 0 0 0 1 0 0 0 0 0 0 0 1 ]
255 [ 1 0 0 1 1 0 1 1 0 1 1 0 1 1 0 0 1 1 0 1 1 0 0 0 0 1 1 0 0 0 0 0 0 1 ]
256 [ 1 1 1 1 1 0 0 1 0 1 1 0 0 1 0 0 0 0 1 1 1 0 0 0 0 1 0 1 1 0 0 0 0 1 ]
257 [ 1 0 1 0 0 0 0 1 0 0 1 0 1 1 0 0 0 0 0 0 0 0 0 0 0 1 0 0 0 0 0 0 1 1 ]
258 [ 0 1 1 0 1 1 0 0 0 1 0 0 0 1 0 0 0 0 1 0 0 0 0 1 0 1 0 1 0 1 1 0 0 1 ]
259 [ 0 1 1 0 1 0 0 0 0 0 0 0 1 1 0 0 0 0 1 0 0 0 0 0 0 1 0 0 1 0 0 0 0 1 ]
260 [ 0 0 0 0 0 0 0 0 0 0 0 0 0 0 0 0 0 0 0 0 0 0 0 0 0 0 0 0 0 0 0 0 0 1 ]
261 [ 0 0 0 0 1 0 0 0 0 1 0 0 1 0 0 0 0 0 0 0 0 0 0 0 0 0 0 0 0 0 0 0 0 0 ]
262 [ 1 0 0 0 1 0 0 0 0 0 0 0 0 1 0 0 0 0 0 0 0 0 0 0 0 0 0 0 0 0 0 0 0 1 ]
263 [ 1 1 1 1 1 0 1 0 1 1 0 1 0 1 0 0 0 1 0 1 0 0 0 1 0 1 1 1 0 0 1 0 0 1 ]
264 [ 1 1 1 1 1 1 1 1 1 1 1 1 1 1 1 0 1 1 1 1 1 1 0 1 1 1 0 1 0 0 0 0 0 1 ]
265 [ 1 1 1 1 1 0 1 0 1 1 1 1 1 1 1 0 1 1 1 1 1 0 0 0 1 1 0 1 0 0 0 0 0 1 ]
266 [ 1 1 1 1 1 1 1 1 1 1 1 1 1 1 0 0 1 1 1 1 1 0 0 1 1 1 1 1 1 1 1 0 0 1 ]
267 [ 0 0 0 0 1 0 0 0 0 0 0 0 0 0 0 0 0 0 0 0 1 0 0 0 0 0 0 0 0 0 0 0 0 1 ]
268 [ 0 0 0 0 0 0 0 0 0 0 0 0 0 0 0 0 0 0 0 1 0 0 0 0 0 0 0 0 0 0 0 0 0 0 ]
269 [ 0 0 1 0 1 0 0 0 1 1 1 0 0 0 1 0 0 0 0 1 1 0 0 0 0 1 1 1 1 0 0 0 0 1 ]
270 [ 1 1 0 0 1 1 0 0 0 0 0 1 1 1 0 0 1 0 0 1 0 0 0 0 0 1 0 0 0 0 0 0 0 1 ]
271 [ 0 0 0 0 0 0 1 1 0 0 0 1 0 0 1 0 1 0 0 0 0 0 0 0 1 0 0 0 0 0 0 0 0 1 ]
272 [ 0 0 0 0 0 0 0 0 0 0 0 0 0 0 0 0 0 0 0 0 0 0 0 0 0 1 0 0 0 0 0 0 0 0 ]
273 [ 0 0 0 0 1 1 0 0 0 0 0 0 0 0 0 0 0 0 0 0 0 0 0 0 0 1 0 0 0 0 0 0 0 1 ]
274 [ 0 0 1 0 0 0 1 0 0 0 0 0 1 0 0 0 0 0 0 0 0 1 0 0 0 1 0 0 0 0 0 0 0 1 ]
275 [ 0 0 0 0 0 1 1 0 1 0 1 0 0 0 0 0 0 0 1 0 1 0 1 0 0 1 0 0 0 0 0 0 0 1 ]
276 [ 0 0 0 0 0 0 0 0 0 0 0 0 0 0 0 0 0 0 0 0 0 0 0 0 0 0 0 0 0 0 0 0 0 1 ]